002143
600217
300441
300187
000526
000506
002464
603998
300266
002721
002345
300103
002147
600401
600393
300647
300016
000711
600290
000516
600241
002866
002309
600189
000962
603222
002930
603538
600010
300089
002005
300173
300325
600960
000022
300444
002248
000796
000606
600335
600753
600255
000029
002647
002312
603398
600735
600052
300464
002047
000766
002085
300409
000950
002765
002103
600399
002515
300348
600145
600784
600165
300491
000034
002584
300337
000812
002082
000900
002070
002592
002002
002168
002113
002607
000031
002520
002212
000779
603955
600759
600022
600806
600084
600086
600309
002198
600515
000629
603659
000939
002259
603887
002447
002072
002431
601216
603880
300038
300414
603843
000038
300004
603602
000593
002729
002490
603066
002413
000890
002601
600666
000534
002480
603690
000156
002122
002256
002163
600866
002770
603080
300586
600987
600807
600546
600318
603520
002726
300659
600734
300455
600733
002580
600614
600568
300080
000566
300086
600158
002239
000511
300146
603318
600076
603348
002260
603383
002851
603876
002578
002656
002059
600069
600423
002450
000757
300238
300317
600794
600877
600701
601619
600880
603393
603508
002018
002619
002692
002263
600798
600777
002423
002121
000564
000666
002661
603603
000688
300240
002872
603733
002210
002252
603667
300662
002532
002699
000584
000930
002799
300032
600148
002437
000035
000912
300049
002451
300225
000723
600432
600682
600485
600051
300056
300578
600532
300312
002662
603596
603315
600226
603822
600257
000523
300067
603309
600133
600221
300071
300198
603773
002219
300411
002075
002650
002384
002857
002524
002301
000415
002366
002357
300279
300290
300742
002739
600751
000540
300280
002161
603033
000616
002051
002098
002622
300090
300743
600856
000793
